covariance matrix: 
[[ 9.80991441e-01  1.40803000e-01 -2.18974914e-02 -4.50255789e-01
  -1.30818219e-01  1.69359662e-01 -7.14204267e-02  6.74470584e-02
  -4.02461735e-02  5.28097197e-02  7.20106329e-03 -2.28584498e-01
   9.11521172e-02 -3.69586694e-02 -1.12396265e-01 -2.07476425e-01
   1.12451174e-02 -7.12763576e-02  8.87136814e-02  2.17378701e-02
  -5.07498691e-02  3.56003214e-02  1.25280373e-01  6.57076708e-02
  -1.06980508e-02 -2.45920838e-01 -6.32622039e-02 -3.87247396e-03
  -3.20300721e-02 -1.23810435e-02]
 [ 1.40803000e-01  4.18317766e-01 -1.90428420e-01 -3.02421971e-01
   9.09576739e-02 -7.93450654e-02 -5.80426457e-03 -1.51949111e-01
  -7.46462537e-02  1.29799007e-01  1.42333873e-01  1.48881832e-02
   1.16169339e-02  3.86258074e-02 -7.78183701e-03  2.39272332e-02
   1.33818384e-02 -3.94321997e-03 -2.41817662e-02 -1.31623606e-02
  -5.65015411e-02 -2.03129859e-02 -1.37646884e-02  5.24999050e-02
  -5.01498485e-03  7.05504054e-02  9.22911002e-04 -2.64949890e-02
  -4.01237720e-02 -1.93001855e-03]
 [-2.18974914e-02 -1.90428420e-01  2.92736647e-01  7.19824069e-02
   8.81796009e-02  1.65083646e-01 -5.84910187e-02  1.89077349e-01
   2.06865652e-02 -2.35060570e-02 -1.25237430e-01 -8.50099047e-03
   2.86646947e-02  1.60513106e-02  4.54507133e-02  1.94060631e-02
   2.61984096e-02 -1.90113802e-02 -7.42034448e-03  5.84608556e-03
  -1.75351675e-02 -1.53057718e-02 -2.26759914e-02 -1.75351537e-02
   1.30474949e-02 -4.01923527e-02 -2.90943084e-03  3.32637055e-02
   2.58787820e-02 -1.13717541e-01]
 [-4.50255789e-01 -3.02421971e-01  7.19824069e-02  6.67649385e-01
   3.96614794e-02 -1.88184634e-01  9.47101278e-03 -2.58338680e-02
   4.13521108e-02 -4.92946063e-02 -6.72093432e-02  5.99755518e-02
  -3.65754513e-02  5.73483194e-03 -3.97595542e-02  4.57767605e-02
   4.20035535e-03 -2.51162103e-02 -1.74796237e-02 -3.49200437e-02
   3.59699150e-02 -1.13543095e-02 -1.07453196e-02 -4.19673044e-02
   1.53721145e-02 -9.70165572e-03 -2.03092464e-02  3.42336832e-02
   3.52468325e-02 -2.58115392e-02]
 [-1.30818219e-01  9.09576739e-02  8.81796009e-02  3.96614794e-02
   7.01046667e-01  2.46377472e-03  1.06848151e-02  3.92858805e-02
  -9.76986183e-03  1.36850875e-01  1.39935601e-02 -2.06727545e-02
   1.06852375e-01 -3.55323600e-02  6.98431995e-02 -1.99677121e-03
  -3.33761712e-02 -7.65571815e-04 -6.71249615e-03 -8.84363322e-02
   1.97621497e-03  7.09889767e-03 -2.65938919e-03  8.61620656e-03
   1.57380778e-02  8.07349542e-02 -5.83709535e-02 -1.65487650e-02
  -3.63672231e-03  8.32790771e-03]
 [ 1.69359662e-01 -7.93450654e-02  1.65083646e-01 -1.88184634e-01
   2.46377472e-03  4.59418972e-01  1.54678511e-01  2.09858153e-01
   9.78364775e-03 -2.87391091e-02 -1.17691525e-01 -2.06475252e-02
   1.56385827e-02  9.65136020e-03  2.45323460e-02 -1.95028829e-02
   3.32911416e-03 -7.61890096e-02 -1.94598858e-02  1.36060743e-02
   1.05359220e-02 -6.34672942e-03 -2.47030838e-02 -2.86927795e-02
  -9.68634566e-03  7.46090382e-03 -3.92528776e-03  1.19663025e-02
   2.65100306e-03 -7.83139341e-02]
 [-7.14204267e-02 -5.80426457e-03 -5.84910187e-02  9.47101278e-03
   1.06848151e-02  1.54678511e-01  5.97788723e-01 -1.51145781e-01
   1.63629722e-01  2.98150930e-02  2.80467389e-02  2.24145452e-02
   3.79292330e-02 -1.70865114e-02 -3.56447737e-02  4.15846573e-03
   6.30682339e-03 -5.05272530e-02  1.75739678e-02  1.13013902e-02
   2.52780224e-02  7.99611156e-03  3.80470773e-03 -9.35875864e-03
  -1.87396342e-02  1.54614738e-02 -2.17532776e-02  1.44859793e-02
  -3.42923137e-03  2.87631836e-02]
 [ 6.74470584e-02 -1.51949111e-01  1.89077349e-01 -2.58338680e-02
   3.92858805e-02  2.09858153e-01 -1.51145781e-01  3.37185886e-01
  -8.03755908e-02 -5.71550619e-02 -1.32207135e-01 -2.47212743e-02
   2.09703350e-02 -8.12402772e-03  5.05648232e-02 -3.07122527e-02
  -6.73696051e-02 -4.94441451e-02 -3.91805514e-02  4.07307646e-03
   4.01404479e-02 -4.21102971e-03 -2.59099007e-02 -4.14988951e-02
   3.12060481e-03 -9.57546171e-03  4.09568348e-03 -3.64968442e-04
   1.20959165e-02  5.23354502e-03]
 [-4.02461735e-02 -7.46462537e-02  2.06865652e-02  4.13521108e-02
  -9.76986183e-03  9.78364775e-03  1.63629722e-01 -8.03755908e-02
   1.18564160e-01 -3.40880673e-03 -3.82981170e-02  1.66122343e-02
   3.54973581e-02 -5.89583040e-02  1.58583262e-02 -5.51885870e-03
   3.37746966e-02  1.28434596e-02  2.21236749e-02 -3.05069924e-03
   3.75910334e-04  1.16997531e-03  4.13073275e-03  7.40930470e-03
  -1.17645474e-03 -2.33168629e-02 -8.73845126e-04  2.07086145e-02
   1.48878194e-02 -6.91885238e-03]
 [ 5.28097197e-02  1.29799007e-01 -2.35060570e-02 -4.92946063e-02
   1.36850875e-01 -2.87391091e-02  2.98150930e-02 -5.71550619e-02
  -3.40880673e-03  7.27263152e-01 -2.62357492e-01 -4.42326509e-02
   6.94677657e-03 -3.47412804e-02  4.40980142e-02  4.97957085e-03
   8.36735246e-03 -2.75032258e-02  3.47319987e-03  2.27601382e-02
   1.18516115e-02 -5.23350927e-03  3.15053429e-02  2.95857428e-02
   3.10682643e-03 -3.84168518e-02  4.53100142e-02 -5.52339685e-04
  -2.56420202e-02 -5.77847313e-03]
 [ 7.20106329e-03  1.42333873e-01 -1.25237430e-01 -6.72093432e-02
   1.39935601e-02 -1.17691525e-01  2.80467389e-02 -1.32207135e-01
  -3.82981170e-02 -2.62357492e-01  4.28524173e-01  2.45485933e-02
  -7.69238904e-02 -2.54778384e-03  2.02179165e-02 -3.32826372e-02
  -2.30570430e-02 -5.48743106e-02 -4.96788063e-03 -1.36743058e-02
  -2.30144605e-02 -1.42320870e-02  2.01466769e-02  2.43320595e-02
  -1.64340914e-02 -2.90715272e-03 -3.68392886e-02  1.78774830e-03
  -2.39179140e-02  9.01583681e-03]
 [-2.28584498e-01  1.48881832e-02 -8.50099047e-03  5.99755518e-02
  -2.06727545e-02 -2.06475252e-02  2.24145452e-02 -2.47212743e-02
   1.66122343e-02 -4.42326509e-02  2.45485933e-02  8.89655594e-01
   1.34185754e-01 -2.25245212e-02  1.52268881e-01 -5.44564181e-02
   7.69718841e-02  6.04331604e-02  6.07349033e-02  1.98177422e-02
   1.90958576e-02  8.08298896e-03 -1.81323309e-03  1.84634966e-02
   4.92803690e-02 -3.91142674e-03  1.51356653e-02 -7.78747537e-03
  -1.17515483e-02 -4.13838607e-03]
 [ 9.11521172e-02  1.16169339e-02  2.86646947e-02 -3.65754513e-02
   1.06852375e-01  1.56385827e-02  3.79292330e-02  2.09703350e-02
   3.54973581e-02  6.94677657e-03 -7.69238904e-02  1.34185754e-01
   6.82106726e-01  7.76681306e-02 -1.36622445e-01 -4.54360312e-02
  -1.04131186e-01 -1.60281733e-01 -3.91828736e-02  2.53980536e-02
   1.71437200e-02  1.42360007e-02  1.15398255e-04  1.85360622e-02
   8.41609704e-03  2.94942333e-03  1.79793259e-02  4.37968769e-03
   5.13198003e-04  9.82946329e-03]
 [-3.69586694e-02  3.86258074e-02  1.60513106e-02  5.73483194e-03
  -3.55323600e-02  9.65136020e-03 -1.70865114e-02 -8.12402772e-03
  -5.89583040e-02 -3.47412804e-02 -2.54778384e-03 -2.25245212e-02
   7.76681306e-02  9.43676197e-01 -5.27768563e-02  1.77131069e-02
   9.62348403e-04 -2.98139212e-02 -2.01873474e-02 -2.38393367e-02
   3.86215538e-02 -2.30294663e-02  1.53831124e-02  2.20207918e-03
  -1.46722134e-02  3.13495293e-03  3.92248027e-04 -3.03655849e-03
   1.79211612e-03 -1.00887967e-02]
 [-1.12396265e-01 -7.78183701e-03  4.54507133e-02 -3.97595542e-02
   6.98431995e-02  2.45323460e-02 -3.56447737e-02  5.05648232e-02
   1.58583262e-02  4.40980142e-02  2.02179165e-02  1.52268881e-01
  -1.36622445e-01 -5.27768563e-02  5.45459563e-01  3.01825973e-02
  -1.09810397e-01 -1.48109370e-01 -1.94194887e-02  1.21467215e-02
  -3.45449630e-02  9.21165414e-03 -1.73361565e-02  2.08273878e-03
  -2.00149781e-02  3.38989092e-02 -7.85903493e-03 -9.16587670e-03
   3.41819785e-03 -2.29955531e-03]
 [-2.07476425e-01  2.39272332e-02  1.94060631e-02  4.57767605e-02
  -1.99677121e-03 -1.95028829e-02  4.15846573e-03 -3.07122527e-02
  -5.51885870e-03  4.97957085e-03 -3.32826372e-02 -5.44564181e-02
  -4.54360312e-02  1.77131069e-02  3.01825973e-02  8.44027917e-01
   2.90206745e-02 -3.28344981e-02  9.39892527e-03 -6.76569908e-02
   2.94366674e-02  1.70025138e-02 -8.73569032e-03  1.48344752e-02
   2.45541247e-02  9.15519842e-03  1.43234368e-03 -6.21895444e-04
   7.07973165e-03 -9.11899094e-03]
 [ 1.12451174e-02  1.33818384e-02  2.61984096e-02  4.20035535e-03
  -3.33761712e-02  3.32911416e-03  6.30682339e-03 -6.73696051e-02
   3.37746966e-02  8.36735246e-03 -2.30570430e-02  7.69718841e-02
  -1.04131186e-01  9.62348403e-04 -1.09810397e-01  2.90206745e-02
   7.16801253e-01 -1.41351772e-01 -8.01546525e-02  6.23806043e-02
   7.45440781e-02  6.10215847e-02  2.97822961e-02  9.87083335e-03
  -4.32047569e-02 -2.88360963e-02 -1.96479899e-03 -1.07615765e-02
  -1.09035258e-03 -2.77259744e-02]
 [-7.12763576e-02 -3.94321997e-03 -1.90113802e-02 -2.51162103e-02
  -7.65571815e-04 -7.61890096e-02 -5.05272530e-02 -4.94441451e-02
   1.28434596e-02 -2.75032258e-02 -5.48743106e-02  6.04331604e-02
  -1.60281733e-01 -2.98139212e-02 -1.48109370e-01 -3.28344981e-02
  -1.41351772e-01  4.88912414e-01 -1.50048418e-01  4.04714248e-02
  -5.22980985e-03 -8.14194328e-03  1.31788087e-02  8.14897400e-03
   7.21168440e-02  1.61948288e-02 -2.88196998e-03  5.42120356e-03
   1.31262233e-02  1.02919091e-02]
 [ 8.87136814e-02 -2.41817662e-02 -7.42034448e-03 -1.74796237e-02
  -6.71249615e-03 -1.94598858e-02  1.75739678e-02 -3.91805514e-02
   2.21236749e-02  3.47319987e-03 -4.96788063e-03  6.07349033e-02
  -3.91828736e-02 -2.01873474e-02 -1.94194887e-02  9.39892527e-03
  -8.01546525e-02 -1.50048418e-01  8.08945095e-01 -4.34233962e-02
  -6.00288947e-02 -5.80271364e-03  3.54312212e-02 -3.86928026e-02
  -5.08972220e-02 -2.37422236e-02  1.31206268e-02  3.80675013e-03
   7.22689889e-03  1.94173027e-02]
 [ 2.17378701e-02 -1.31623606e-02  5.84608556e-03 -3.49200437e-02
  -8.84363322e-02  1.36060743e-02  1.13013902e-02  4.07307646e-03
  -3.05069924e-03  2.27601382e-02 -1.36743058e-02  1.98177422e-02
   2.53980536e-02 -2.38393367e-02  1.21467215e-02 -6.76569908e-02
   6.23806043e-02  4.04714248e-02 -4.34233962e-02  6.90131074e-01
   8.02974805e-02  1.35865680e-03 -1.72074956e-02 -2.68492800e-02
  -7.98715050e-02  1.61458257e-03 -2.40374417e-02 -1.54920217e-03
  -4.78222337e-03 -1.26957189e-02]
 [-5.07498691e-02 -5.65015411e-02 -1.75351675e-02  3.59699150e-02
   1.97621497e-03  1.05359220e-02  2.52780224e-02  4.01404479e-02
   3.75910334e-04  1.18516115e-02 -2.30144605e-02  1.90958576e-02
   1.71437200e-02  3.86215538e-02 -3.45449630e-02  2.94366674e-02
   7.45440781e-02 -5.22980985e-03 -6.00288947e-02  8.02974805e-02
   1.23389580e-01  2.63089481e-02  1.17929900e-02 -3.32934859e-02
   8.67551952e-03  1.15535403e-02  1.41795548e-02  2.81569596e-02
   2.50579062e-02  7.58643743e-02]
 [ 3.56003214e-02 -2.03129859e-02 -1.53057718e-02 -1.13543095e-02
   7.09889767e-03 -6.34672942e-03  7.99611156e-03 -4.21102971e-03
   1.16997531e-03 -5.23350927e-03 -1.42320870e-02  8.08298896e-03
   1.42360007e-02 -2.30294663e-02  9.21165414e-03  1.70025138e-02
   6.10215847e-02 -8.14194328e-03 -5.80271364e-03  1.35865680e-03
   2.63089481e-02  1.27960817e-01  2.68616146e-01 -4.22404184e-02
   1.72032928e-02  2.36620070e-02 -1.40197058e-02 -2.59002796e-03
   8.84828571e-03  3.03407160e-02]
 [ 1.25280373e-01 -1.37646884e-02 -2.26759914e-02 -1.07453196e-02
  -2.65938919e-03 -2.47030838e-02  3.80470773e-03 -2.59099007e-02
   4.13073275e-03  3.15053429e-02  2.01466769e-02 -1.81323309e-03
   1.15398255e-04  1.53831124e-02 -1.73361565e-02 -8.73569032e-03
   2.97822961e-02  1.31788087e-02  3.54312212e-02 -1.72074956e-02
   1.17929900e-02  2.68616146e-01  8.24957303e-01 -1.03014213e-01
   3.04691638e-02  5.30354699e-02 -3.81645681e-02  1.85692180e-02
   1.95742704e-03  5.98223880e-04]
 [ 6.57076708e-02  5.24999050e-02 -1.75351537e-02 -4.19673044e-02
   8.61620656e-03 -2.86927795e-02 -9.35875864e-03 -4.14988951e-02
   7.40930470e-03  2.95857428e-02  2.43320595e-02  1.84634966e-02
   1.85360622e-02  2.20207918e-03  2.08273878e-03  1.48344752e-02
   9.87083335e-03  8.14897400e-03 -3.86928026e-02 -2.68492800e-02
  -3.32934859e-02 -4.22404184e-02 -1.03014213e-01  1.29623698e-01
   4.79923738e-02 -1.55389263e-01 -1.52928499e-02  7.29517821e-03
  -2.57708669e-03 -2.45021080e-02]
 [-1.06980508e-02 -5.01498485e-03  1.30474949e-02  1.53721145e-02
   1.57380778e-02 -9.68634566e-03 -1.87396342e-02  3.12060481e-03
  -1.17645474e-03  3.10682643e-03 -1.64340914e-02  4.92803690e-02
   8.41609704e-03 -1.46722134e-02 -2.00149781e-02  2.45541247e-02
  -4.32047569e-02  7.21168440e-02 -5.08972220e-02 -7.98715050e-02
   8.67551952e-03  1.72032928e-02  3.04691638e-02  4.79923738e-02
   8.52853769e-01 -1.72964767e-02  4.71390977e-03 -1.28147516e-02
   1.55128358e-02 -2.77073537e-03]
 [-2.45920838e-01  7.05504054e-02 -4.01923527e-02 -9.70165572e-03
   8.07349542e-02  7.46090382e-03  1.54614738e-02 -9.57546171e-03
  -2.33168629e-02 -3.84168518e-02 -2.90715272e-03 -3.91142674e-03
   2.94942333e-03  3.13495293e-03  3.38989092e-02  9.15519842e-03
  -2.88360963e-02  1.61948288e-02 -2.37422236e-02  1.61458257e-03
   1.15535403e-02  2.36620070e-02  5.30354699e-02 -1.55389263e-01
  -1.72964767e-02  6.94194471e-01 -2.94813509e-02 -4.23759596e-02
  -3.66974340e-02  6.25642737e-03]
 [-6.32622039e-02  9.22911002e-04 -2.90943084e-03 -2.03092464e-02
  -5.83709535e-02 -3.92528776e-03 -2.17532776e-02  4.09568348e-03
  -8.73845126e-04  4.53100142e-02 -3.68392886e-02  1.51356653e-02
   1.79793259e-02  3.92248027e-04 -7.85903493e-03  1.43234368e-03
  -1.96479899e-03 -2.88196998e-03  1.31206268e-02 -2.40374417e-02
   1.41795548e-02 -1.40197058e-02 -3.81645681e-02 -1.52928499e-02
   4.71390977e-03 -2.94813509e-02  8.86131886e-01 -5.26267991e-02
  -6.54569272e-03  2.59499427e-03]
 [-3.87247396e-03 -2.64949890e-02  3.32637055e-02  3.42336832e-02
  -1.65487650e-02  1.19663025e-02  1.44859793e-02 -3.64968442e-04
   2.07086145e-02 -5.52339685e-04  1.78774830e-03 -7.78747537e-03
   4.37968769e-03 -3.03655849e-03 -9.16587670e-03 -6.21895444e-04
  -1.07615765e-02  5.42120356e-03  3.80675013e-03 -1.54920217e-03
   2.81569596e-02 -2.59002796e-03  1.85692180e-02  7.29517821e-03
  -1.28147516e-02 -4.23759596e-02 -5.26267991e-02  1.92761625e-01
   9.69856558e-02 -2.16583210e-02]
 [-3.20300721e-02 -4.01237720e-02  2.58787820e-02  3.52468325e-02
  -3.63672231e-03  2.65100306e-03 -3.42923137e-03  1.20959165e-02
   1.48878194e-02 -2.56420202e-02 -2.39179140e-02 -1.17515483e-02
   5.13198003e-04  1.79211612e-03  3.41819785e-03  7.07973165e-03
  -1.09035258e-03  1.31262233e-02  7.22689889e-03 -4.78222337e-03
   2.50579062e-02  8.84828571e-03  1.95742704e-03 -2.57708669e-03
   1.55128358e-02 -3.66974340e-02 -6.54569272e-03  9.69856558e-02
   1.19105931e-01  6.48547505e-03]
 [-1.23810435e-02 -1.93001855e-03 -1.13717541e-01 -2.58115392e-02
   8.32790771e-03 -7.83139341e-02  2.87631836e-02  5.23354502e-03
  -6.91885238e-03 -5.77847313e-03  9.01583681e-03 -4.13838607e-03
   9.82946329e-03 -1.00887967e-02 -2.29955531e-03 -9.11899094e-03
  -2.77259744e-02  1.02919091e-02  1.94173027e-02 -1.26957189e-02
   7.58643743e-02  3.03407160e-02  5.98223880e-04 -2.45021080e-02
  -2.77073537e-03  6.25642737e-03  2.59499427e-03 -2.16583210e-02
   6.48547505e-03  1.50973250e-01]]


center: [-0.00885216  0.25202804  0.02371322  0.0690456  -0.02269441 -0.03300199
 -0.11078973  0.02519958  0.06525809 -0.02874328 -0.03089892 -0.00804628
  0.07206599 -0.03282771  0.01695653  0.02391712  0.05415731 -0.09184218
 -0.02758465  0.02393831 -0.04408782 -0.02673582 -0.02595732 -0.0143724
  0.02730412  0.02251033 -0.00928448  0.02521923  0.02897625 -0.12243129]